98.582,0,1.4184,0,0,0,0,0,0,0,0,0,0,0,0
0,84.615,0.76923,1.5385,0,0.76923,10.385,0,0,1.1538,0.76923,0,0,0,0
0.4386,0,94.737,0,0,4.386,0,0.4386,0,0,0,0,0,0,0
0,13.75,0.625,71.875,0.625,3.125,3.75,2.5,0,0,1.25,0,0,0,2.5
3.8462,0.96154,1.9231,0,64.423,0,0.48077,14.423,1.4423,0,1.9231,1.9231,0.96154,3.3654,4.3269
0.36496,2.5547,4.7445,0.36496,0,84.307,3.6496,2.1898,0,0,0.36496,0,0,1.4599,0
1.9355,15.806,6.129,1.6129,0,8.0645,64.194,0.96774,0,0,0.32258,0,0,0,0.96774
0.52083,0,0,2.6042,0.52083,1.0417,0.52083,90.104,0,0,2.0833,0,0,1.5625,1.0417
0,0.86957,0,0,0,0.86957,0,0,90.435,0.86957,0,4.3478,1.7391,0,0.86957
0.86207,0,0.86207,0,0,1.7241,0.86207,1.7241,4.3103,60.345,1.7241,6.8966,18.966,0,1.7241
2.3697,3.3175,0.94787,0.47393,6.6351,7.109,1.8957,5.6872,0,0.47393,36.493,0.94787,2.8436,19.431,11.374
0,0.90909,0,0,4.5455,0.90909,0,0,4.5455,12.727,1.8182,51.818,15.455,0.90909,6.3636
0,0,0,0,1.0582,2.6455,0,3.1746,5.291,14.815,0,5.8201,59.788,1.0582,6.3492
0,0,1.1719,0,5.0781,1.5625,0,1.1719,0,0,2.3438,0,0.39062,87.5,0.78125
0,0.46512,3.7209,0,6.5116,3.2558,0,5.1163,2.3256,0.93023,0.93023,2.7907,4.6512,6.0465,63.256
